image: tobata20141018.pgm
resolution: 0.100000
origin: [-356.000000, -167.200000, 0.000000]
negate: 0
occupied_thresh: 0.65
free_thresh: 0.196

